7 
1 153 510 706 966 581 455 
153 1 422 664 997 598 507 
510 422 1 289 744 390 437 
706 664 289 1 491 265 410 
966 997 744 491 1 400 514 
581 598 390 265 400 1 168 
455 507 437 410 514 168 1 